47207 47207
41509 47207
51243 51243
60985 60985
50645 60985
53528 60985
51782 60985
46982 60985
56592 60985
43982 60985
29292 60985
69625 69625
36259 69625
57013 69625
48599 69625
38616 69625
38637 69625
57649 69625
35963 69625
49246 69625
53007 69625
57974 69625
41524 69625
52832 69625
53216 69625
49655 69625
53710 69625
56031 69625
64501 69625
55747 69625
52046 69625
50324 69625
66170 69625
65848 69625
59736 69625
64892 69625
45921 69625
51055 69625
42828 69625
63284 69625
55406 69625
47621 69625
58894 69625
51959 69625
33157 69625
45135 69625
41204 69625
30437 69625
52998 69625
50899 69625
56197 69625
48835 69625
50278 69625
37041 69625
69092 69625
27719 69625
33174 69625
61054 69625
38094 69625
55771 69625
58929 69625
51752 69625
55282 69625
59526 69625
63767 69625
43701 69625
53046 69625
48606 69625
41560 69625
39078 69625
57612 69625
49937 69625
55916 69625
52523 69625
53817 69625
36453 69625
35999 69625
48798 69625
21648 69625
43861 69625
59639 69625
49126 69625
55678 69625
50913 69625
53648 69625
3375 69625
21904 69625
52096 69625
43956 69625
47873 69625
57491 69625
40325 69625
52041 69625
42127 69625
35559 69625
59163 69625
48927 69625
32417 69625
35756 69625
51988 69625
56016 69625
65595 69625
63036 69625
46359 69625
47667 69625
46743 69625
60682 69625
24707 69625
49798 69625
58573 69625
10711 69625
45055 69625
31657 69625
57104 69625
42024 69625
58838 69625
46784 69625
43525 69625
7848 69625
32379 69625
48876 69625
48165 69625
47822 69625
37743 69625
52354 69625
34547 69625
48380 69625
9115 69625
52148 69625
59194 69625
48921 69625
51443 69625
50192 69625
36231 69625
53916 69625
56355 69625
54544 69625
53134 69625
51226 69625
50753 69625
53619 69625
49634 69625
36796 69625
38160 69625
46305 69625
51774 69625
44019 69625
54656 69625
56588 69625
53262 69625
33812 69625
52703 69625
34151 69625
8158 69625
50586 69625
52576 69625
41294 69625
60386 69625
56526 69625
59276 69625
43917 69625
40243 69625
66757 69625
45107 69625
38655 69625
49951 69625
55462 69625
44550 69625
55422 69625
20562 69625
21492 69625
35097 69625
46787 69625
47660 69625
10822 69625
25428 69625
57903 69625
56609 69625
58573 69625
61114 69625
49950 69625
14299 69625
63447 69625
53112 69625
48633 69625
51034 69625
48163 69625
66449 69625
53769 69625
58607 69625
25828 69625
55957 69625
55018 69625
36431 69625
62339 69625
16519 69625
40113 69625
27107 69625
46809 69625
35141 69625
51452 69625
46689 69625
22586 69625
50339 69625
53898 69625
39493 69625
57493 69625
43852 69625
61177 69625
42662 69625
53565 69625
66996 69625
35806 69625
50534 69625
34232 69625
45715 69625
55526 69625
58661 69625
38620 69625
46462 69625
59139 69625
46380 69625
53523 69625
46961 69625
52778 69625
61042 69625
34870 69625
39321 69625
57076 69625
57923 69625
49728 69625
51214 69625
51367 69625
30007 69625
54295 69625
72240 72240
54806 72240
49615 72240
52847 72240
48252 72240
40075 72240
39792 72240
52664 72240
43827 72240
33521 72240
63138 72240
52399 72240
41570 72240
36264 72240
59089 72240
72240
